----------------------------------------------------------------
| Text                 | Number   | Value    | Computed result |
----------------------------------------------------------------
| ﻿Item 1            | 2        | 3        |6 |
| Item 2               | 4        | 2.5      |8 |
| Item 3               | 6        | 4        |24 |
| Item 4               | 8        | 2        |16 |
| Item 5               | 10       | 3.5      |30 |
| Item 6               | 12       | 5        |60 |
| Item 7               | 14       | 6.5      |84 |
| Item 8               | 16       | 4        |64 |
| Item 9               | 18       | 3        |54 |
| Item 10              | 20       | 2.5      |40 |
| Item 11              | 22       | 1        |22 |
| Item 12              | 24       | 2.5      |48 |
| Item 13              | 26       | 3.5      |78 |
| Item 14              | 28       | 4        |112 |
| Item 15              | 30       | 5.5      |150 |
| Item 16              | 32       | 6        |192 |
| Item 17              | 34       | 4.5      |136 |
| Item 18              | 36       | 3        |108 |
| Item 19              | 38       | 2        |76 |
| Item 20              | 40       | 3.5      |120 |
| Item 21              | 42       | 5        |210 |
| Item 22              | 44       | 6.5      |264 |
| Item 23              | 46       | 7        |322 |
| Item 24              | 48       | 4.5      |192 |
| Item 25              | 50       | 3        |150 |
----------------------------------------------------------------
Sum of integers: 650
Sum of floats: 97.5
